0000049
0000166
0000179
0000287
0001522
0002949
0003676
0003677
0003678
0003684
0003697
0003700
0003723
0003735
0003743
0003746
0003755
0003824
0003887
0003899
0003918
0003922
0003924
0004045
0004140
0004190
0004222
0004252
0004386
0004478
0004479
0004523
0004540
0004595
0004750
0004812
0004813
0004814
0004817
0004818
0004820
0004821
0004822
0004823
0004824
0004825
0004826
0004827
0004828
0004829
0004830
0004831
0004832
0005047
0005048
0005515
0005524
0005525
0005975
0006006
0006096
0006098
0006164
0006177
0006221
0006260
0006265
0006269
0006281
0006289
0006310
0006351
0006353
0006364
0006396
0006400
0006402
0006412
0006413
0006414
0006418
0006419
0006420
0006423
0006424
0006426
0006427
0006428
0006429
0006430
0006431
0006432
0006433
0006434
0006435
0006436
0006437
0006438
0006465
0006508
0006520
0006556
0006633
0008033
0008080
0008094
0008135
0008152
0008168
0008173
0008233
0008270
0008299
0008324
0008408
0008649
0008654
0008658
0008757
0009055
0009058
0009116
0009152
0009228
0009252
0009378
0009435
0009451
0009982
0010181
0015035
0015136
0015450
0015937
0015949
0016149
0016301
0016310
0016434
0016462
0016491
0016620
0016740
0016746
0016757
0016787
0016853
0016874
0016879
0016887
0016987
0019843
0022857
0030170
0031167
0033862
0036211
0042586
0042626
0043022
0046872
0050660
0050661
0051082
0051287
0051539
0052381
0052906
0070006
0071949
0071951
0140359
0140662
