0000015
0000049
0000155
0000156
0000160
0000166
0000179
0000271
0000287
0000311
0000314
0000315
0000910
0001522
0002949
0003676
0003677
0003678
0003684
0003688
0003697
0003700
0003723
0003725
0003735
0003743
0003746
0003755
0003824
0003883
0003887
0003899
0003911
0003916
0003918
0003922
0003924
0003937
0003938
0004018
0004019
0004045
0004073
0004088
0004107
0004140
0004190
0004222
0004252
0004326
0004332
0004356
0004360
0004372
0004385
0004386
0004478
0004479
0004518
0004519
0004523
0004525
0004526
0004540
0004553
0004588
0004590
0004595
0004634
0004637
0004638
0004643
0004644
0004654
0004673
0004743
0004750
0004791
0004807
0004812
0004813
0004814
0004817
0004818
0004820
0004821
0004822
0004823
0004824
0004825
0004826
0004827
0004828
0004829
0004830
0004831
0004832
0005047
0005048
0005215
0005506
0005515
0005524
0005525
0005694
0005737
0005829
0005840
0005854
0005886
0005975
0006006
0006094
0006096
0006098
0006139
0006163
0006164
0006177
0006189
0006207
0006221
0006260
0006261
0006265
0006269
0006275
0006281
0006284
0006289
0006310
0006351
0006352
0006353
0006355
0006364
0006396
0006400
0006402
0006412
0006413
0006414
0006415
0006418
0006419
0006420
0006423
0006424
0006426
0006427
0006428
0006429
0006430
0006431
0006432
0006433
0006434
0006435
0006436
0006437
0006438
0006457
0006465
0006508
0006520
0006522
0006541
0006556
0006614
0006633
0006730
0006779
0006810
0006812
0006817
0006886
0006950
0007165
0008033
0008080
0008094
0008135
0008152
0008168
0008173
0008233
0008236
0008270
0008299
0008324
0008360
0008381
0008408
0008483
0008649
0008652
0008654
0008658
0008716
0008757
0008760
0008762
0008763
0008764
0008784
0008839
0008840
0008961
0008963
0008966
0009055
0009058
0009073
0009086
0009089
0009113
0009116
0009152
0009228
0009249
0009252
0009294
0009306
0009320
0009360
0009378
0009379
0009380
0009381
0009408
0009423
0009432
0009435
0009451
0009982
0010181
0015031
0015035
0015074
0015078
0015136
0015297
0015450
0015562
0015739
0015934
0015935
0015937
0015949
0015986
0016020
0016149
0016226
0016301
0016310
0016434
0016462
0016491
0016616
0016620
0016740
0016746
0016747
0016757
0016779
0016783
0016787
0016788
0016853
0016874
0016879
0016887
0016987
0017148
0017150
0018364
0019264
0019277
0019430
0019843
0022625
0022627
0022857
0030170
0030261
0030488
0030955
0030976
0031167
0032259
0032784
0033862
0036211
0042026
0042254
0042450
0042586
0042626
0043022
0043190
0043565
0043952
0046118
0046872
0046933
0046983
0047429
0048501
0050511
0050660
0050661
0051082
0051083
0051287
0051301
0051536
0051539
0051989
0052381
0052906
0055052
0055085
0061710
0070006
0070403
0071555
0071949
0071951
0140359
0140662
1901137
1902600
1904047
1905887
