0000009
0000010
0000014
0000015
0000023
0000027
0000028
0000030
0000034
0000035
0000036
0000041
0000049
0000050
0000052
0000053
0000062
0000079
0000096
0000098
0000103
0000104
0000105
0000107
0000118
0000150
0000154
0000155
0000156
0000160
0000162
0000166
0000175
0000179
0000209
0000210
0000215
0000220
0000225
0000255
0000256
0000257
0000270
0000271
0000272
0000275
0000276
0000286
0000287
0000302
0000309
0000310
0000311
0000312
0000314
0000315
0000334
0000345
0000373
0000400
0000413
0000423
0000428
0000451
0000502
0000700
0000701
0000703
0000716
0000724
0000725
0000730
0000774
0000786
0000902
0000906
0000910
0000917
0000918
0000921
0000967
0000976
0000987
0001000
0001072
0001171
0001216
0001217
0001228
0001401
0001510
0001514
0001522
0001530
0001539
0001540
0001558
0001561
0001671
0001680
0001682
0001727
0001848
0001882
0001887
0001907
0001932
0001968
0002049
0002060
0002094
0002097
0002098
0002100
0002143
0002161
0002184
0002189
0002196
0002197
0002935
0002943
0002949
0002953
0003333
0003674
0003676
0003677
0003678
0003680
0003682
0003684
0003688
0003689
0003690
0003697
0003700
0003712
0003713
0003714
0003723
0003724
0003725
0003727
0003729
0003735
0003743
0003746
0003747
0003755
0003756
0003774
0003779
0003796
0003810
0003824
0003825
0003839
0003841
0003842
0003844
0003847
0003848
0003849
0003852
0003854
0003855
0003856
0003857
0003858
0003860
0003861
0003862
0003864
0003866
0003867
0003868
0003870
0003871
0003872
0003873
0003875
0003879
0003882
0003883
0003885
0003886
0003887
0003896
0003899
0003904
0003905
0003906
0003908
0003910
0003911
0003913
0003916
0003917
0003918
0003919
0003920
0003922
0003924
0003933
0003934
0003935
0003937
0003938
0003941
0003942
0003949
0003950
0003951
0003952
0003953
0003954
0003955
0003957
0003959
0003960
0003963
0003964
0003968
0003972
0003973
0003977
0003978
0003979
0003983
0003984
0003985
0003986
0003987
0003988
0003989
0003991
0003993
0003994
0003995
0003997
0003998
0003999
0004000
0004013
0004014
0004015
0004016
0004017
0004018
0004019
0004020
0004022
0004024
0004029
0004030
0004034
0004035
0004037
0004038
0004039
0004040
0004042
0004044
0004045
0004047
0004048
0004049
0004053
0004055
0004056
0004057
0004061
0004062
0004065
0004066
0004067
0004068
0004069
0004070
0004071
0004072
0004073
0004075
0004076
0004077
0004084
0004088
0004089
0004096
0004106
0004107
0004108
0004109
0004112
0004113
0004114
0004115
0004122
0004124
0004125
0004126
0004127
0004129
0004130
0004132
0004133
0004134
0004139
0004140
0004141
0004143
0004144
0004146
0004148
0004149
0004150
0004151
0004152
0004156
0004157
0004160
0004161
0004163
0004165
0004169
0004170
0004174
0004175
0004176
0004177
0004180
0004181
0004185
0004190
0004197
0004198
0004222
0004239
0004252
0004298
0004300
0004301
0004308
0004309
0004311
0004314
0004315
0004316
0004318
0004322
0004324
0004325
0004326
0004328
0004329
0004332
0004333
0004334
0004335
0004337
0004339
0004340
0004342
0004345
0004347
0004348
0004349
0004350
0004351
0004352
0004354
0004355
0004356
0004357
0004358
0004359
0004360
0004362
0004363
0004364
0004365
0004366
0004368
0004370
0004371
0004372
0004373
0004375
0004376
0004385
0004386
0004392
0004396
0004397
0004398
0004399
0004400
0004401
0004407
0004410
0004411
0004412
0004413
0004414
0004416
0004417
0004418
0004419
0004420
0004421
0004424
0004425
0004427
0004436
0004449
0004450
0004451
0004452
0004455
0004456
0004457
0004459
0004462
0004467
0004470
0004471
0004473
0004474
0004475
0004476
0004477
0004478
0004479
0004486
0004488
0004489
0004491
0004494
0004496
0004497
0004503
0004505
0004512
0004514
0004515
0004516
0004517
0004518
0004519
0004520
0004521
0004523
0004525
0004526
0004527
0004529
0004531
0004534
0004536
0004540
0004549
0004550
0004553
0004555
0004556
0004557
0004558
0004559
0004560
0004561
0004563
0004564
0004565
0004567
0004568
0004571
0004573
0004574
0004576
0004581
0004585
0004586
0004587
0004588
0004590
0004591
0004592
0004594
0004595
0004601
0004602
0004604
0004605
0004609
0004611
0004612
0004614
0004616
0004617
0004618
0004619
0004620
0004622
0004623
0004629
0004630
0004631
0004632
0004633
0004634
0004635
0004636
0004637
0004638
0004639
0004640
0004641
0004642
0004643
0004644
0004645
0004648
0004650
0004654
0004655
0004657
0004658
0004659
0004664
0004665
0004668
0004671
0004672
0004673
0004674
0004713
0004715
0004719
0004721
0004722
0004725
0004729
0004730
0004731
0004732
0004733
0004735
0004736
0004738
0004739
0004742
0004743
0004746
0004747
0004748
0004749
0004750
0004751
0004753
0004756
0004758
0004760
0004764
0004765
0004766
0004767
0004769
0004774
0004775
0004776
0004777
0004781
0004783
0004784
0004788
0004789
0004791
0004792
0004793
0004794
0004795
0004797
0004798
0004799
0004800
0004801
0004802
0004803
0004805
0004806
0004807
0004808
0004810
0004812
0004813
0004814
0004815
0004816
0004817
0004818
0004819
0004820
0004821
0004822
0004823
0004824
0004825
0004826
0004827
0004828
0004829
0004830
0004831
0004832
0004833
0004834
0004837
0004842
0004843
0004844
0004845
0004846
0004847
0004849
0004851
0004852
0004853
0004854
0004856
0004857
0004866
0004867
0004869
0004888
0004930
0005041
0005047
0005048
0005085
0005096
0005186
0005198
0005199
0005201
0005215
0005216
0005247
0005253
0005254
0005267
0005272
0005283
0005298
0005315
0005319
0005324
0005337
0005342
0005344
0005351
0005354
0005355
0005375
0005381
0005384
0005385
0005388
0005416
0005436
0005451
0005471
0005488
0005504
0005506
0005507
0005509
0005515
0005516
0005518
0005524
0005525
0005534
0005536
0005537
0005542
0005543
0005544
0005548
0005575
0005576
0005615
0005618
0005634
0005694
0005727
0005736
0005737
0005739
0005741
0005743
0005762
0005777
0005802
0005811
0005829
0005839
0005840
0005854
0005856
0005882
0005886
0005887
0005940
0005948
0005951
0005960
0005971
0005975
0005978
0005980
0005983
0005985
0005986
0005990
0005991
0005992
0005993
0005996
0005997
0005998
0006000
0006002
0006004
0006006
0006007
0006011
0006012
0006013
0006014
0006015
0006020
0006021
0006032
0006040
0006043
0006044
0006047
0006048
0006051
0006064
0006065
0006066
0006068
0006071
0006072
0006081
0006082
0006083
0006084
0006085
0006086
0006089
0006090
0006091
0006094
0006096
0006097
0006098
0006099
0006101
0006102
0006105
0006106
0006108
0006109
0006112
0006113
0006116
0006119
0006120
0006121
0006139
0006144
0006146
0006147
0006163
0006164
0006165
0006166
0006168
0006171
0006177
0006183
0006188
0006189
0006203
0006206
0006207
0006210
0006212
0006213
0006220
0006221
0006222
0006223
0006226
0006228
0006229
0006231
0006233
0006235
0006241
0006259
0006260
0006261
0006265
0006268
0006269
0006270
0006274
0006275
0006276
0006278
0006281
0006282
0006284
0006285
0006289
0006290
0006298
0006302
0006303
0006304
0006306
0006307
0006308
0006310
0006313
0006334
0006338
0006351
0006352
0006353
0006354
0006355
0006360
0006361
0006364
0006388
0006390
0006396
0006397
0006399
0006400
0006401
0006402
0006412
0006413
0006414
0006415
0006417
0006418
0006419
0006420
0006421
0006422
0006423
0006424
0006425
0006426
0006427
0006428
0006429
0006430
0006431
0006432
0006433
0006434
0006435
0006436
0006437
0006438
0006448
0006450
0006457
0006465
0006468
0006470
0006474
0006479
0006481
0006482
0006486
0006487
0006493
0006497
0006506
0006508
0006511
0006520
0006522
0006523
0006525
0006526
0006527
0006528
0006529
0006531
0006534
0006535
0006536
0006537
0006540
0006541
0006542
0006543
0006546
0006547
0006548
0006549
0006553
0006554
0006555
0006556
0006558
0006559
0006561
0006562
0006564
0006565
0006566
0006567
0006568
0006569
0006570
0006571
0006572
0006574
0006576
0006580
0006591
0006592
0006593
0006596
0006601
0006605
0006614
0006623
0006629
0006631
0006633
0006635
0006636
0006637
0006644
0006646
0006650
0006654
0006656
0006662
0006665
0006666
0006672
0006687
0006694
0006707
0006720
0006729
0006730
0006734
0006740
0006741
0006742
0006744
0006747
0006749
0006750
0006751
0006754
0006760
0006772
0006777
0006779
0006780
0006782
0006783
0006784
0006785
0006788
0006790
0006793
0006796
0006797
0006798
0006799
0006801
0006807
0006808
0006809
0006810
0006811
0006812
0006813
0006814
0006816
0006817
0006820
0006821
0006824
0006825
0006826
0006829
0006833
0006835
0006847
0006848
0006855
0006857
0006862
0006864
0006865
0006869
0006873
0006874
0006878
0006879
0006880
0006884
0006885
0006886
0006888
0006890
0006935
0006950
0006952
0006970
0006972
0006974
0006979
0006996
0007007
0007015
0007030
0007041
0007049
0007059
0007076
0007154
0007155
0007156
0007160
0007165
0007186
0007264
0007275
0007602
0007623
0008028
0008033
0008047
0008061
0008076
0008080
0008081
0008092
0008094
0008097
0008106
0008107
0008108
0008113
0008115
0008119
0008120
0008121
0008124
0008126
0008127
0008131
0008134
0008135
0008137
0008138
0008146
0008150
0008152
0008153
0008156
0008168
0008169
0008170
0008171
0008172
0008173
0008175
0008176
0008177
0008184
0008186
0008193
0008194
0008195
0008198
0008199
0008202
0008218
0008219
0008233
0008234
0008235
0008236
0008237
0008239
0008240
0008241
0008250
0008251
0008252
0008253
0008254
0008263
0008270
0008272
0008273
0008276
0008289
0008294
0008295
0008299
0008310
0008311
0008320
0008324
0008336
0008360
0008373
0008374
0008375
0008379
0008380
0008381
0008408
0008409
0008410
0008412
0008413
0008417
0008418
0008422
0008425
0008428
0008430
0008441
0008442
0008443
0008444
0008446
0008448
0008452
0008460
0008465
0008473
0008478
0008479
0008483
0008484
0008488
0008490
0008493
0008495
0008496
0008508
0008509
0008514
0008519
0008531
0008534
0008535
0008540
0008553
0008556
0008564
0008610
0008611
0008612
0008615
0008616
0008641
0008643
0008645
0008649
0008652
0008653
0008654
0008655
0008657
0008658
0008660
0008661
0008662
0008663
0008664
0008666
0008667
0008668
0008670
0008671
0008672
0008674
0008675
0008676
0008677
0008678
0008679
0008681
0008682
0008684
0008685
0008686
0008687
0008688
0008690
0008691
0008692
0008693
0008695
0008696
0008697
0008700
0008701
0008703
0008704
0008705
0008706
0008709
0008710
0008712
0008714
0008715
0008716
0008718
0008720
0008721
0008725
0008726
0008728
0008730
0008733
0008734
0008736
0008737
0008738
0008740
0008741
0008742
0008743
0008745
0008747
0008750
0008752
0008753
0008754
0008755
0008756
0008757
0008758
0008759
0008760
0008761
0008762
0008763
0008764
0008765
0008766
0008767
0008770
0008771
0008772
0008773
0008774
0008775
0008776
0008777
0008779
0008780
0008782
0008783
0008784
0008785
0008788
0008791
0008792
0008794
0008795
0008797
0008798
0008800
0008801
0008802
0008803
0008804
0008808
0008810
0008812
0008813
0008814
0008815
0008817
0008818
0008820
0008821
0008824
0008828
0008829
0008830
0008831
0008832
0008833
0008834
0008835
0008836
0008837
0008838
0008839
0008840
0008841
0008849
0008851
0008854
0008855
0008859
0008860
0008861
0008863
0008864
0008865
0008867
0008869
0008872
0008873
0008875
0008878
0008879
0008880
0008881
0008882
0008883
0008886
0008887
0008888
0008889
0008890
0008892
0008893
0008894
0008897
0008899
0008901
0008902
0008907
0008909
0008911
0008912
0008914
0008915
0008918
0008920
0008922
0008924
0008926
0008927
0008929
0008930
0008932
0008933
0008934
0008935
0008939
0008940
0008941
0008942
0008948
0008949
0008951
0008953
0008955
0008957
0008959
0008961
0008962
0008963
0008964
0008965
0008966
0008967
0008968
0008972
0008973
0008974
0008976
0008977
0008982
0008983
0008984
0008986
0008987
0008988
0008990
0008993
0008994
0008995
0008998
0008999
0009001
0009002
0009007
0009009
0009011
0009013
0009014
0009015
0009016
0009017
0009022
0009024
0009025
0009027
0009028
0009029
0009030
0009032
0009034
0009035
0009036
0009037
0009039
0009040
0009041
0009044
0009045
0009052
0009055
0009056
0009058
0009059
0009060
0009061
0009062
0009063
0009067
0009072
0009073
0009081
0009082
0009084
0009085
0009086
0009087
0009088
0009089
0009093
0009094
0009095
0009097
0009098
0009099
0009102
0009103
0009107
0009113
0009115
0009116
0009117
0009132
0009143
0009146
0009152
0009156
0009164
0009165
0009166
0009168
0009190
0009220
0009225
0009226
0009228
0009229
0009230
0009231
0009234
0009235
0009236
0009239
0009240
0009243
0009244
0009245
0009246
0009247
0009249
0009250
0009251
0009252
0009253
0009254
0009255
0009263
0009264
0009265
0009267
0009268
0009269
0009271
0009273
0009274
0009276
0009277
0009279
0009288
0009289
0009290
0009291
0009292
0009294
0009295
0009297
0009298
0009303
0009306
0009307
0009308
0009310
0009311
0009312
0009313
0009316
0009317
0009318
0009319
0009320
0009325
0009326
0009328
0009330
0009331
0009332
0009336
0009337
0009338
0009339
0009340
0009341
0009342
0009346
0009347
0009349
0009358
0009360
0009361
0009366
0009368
0009372
0009374
0009375
0009376
0009378
0009379
0009380
0009381
0009384
0009385
0009386
0009389
0009390
0009394
0009396
0009398
0009399
0009401
0009403
0009404
0009408
0009409
0009410
0009418
0009421
0009423
0009424
0009425
0009426
0009427
0009428
0009429
0009431
0009432
0009435
0009436
0009437
0009439
0009442
0009443
0009446
0009447
0009448
0009450
0009451
0009486
0009496
0009507
0009512
0009522
0009523
0009538
0009539
0009579
0009636
0009650
0009651
0009654
0009678
0009691
0009698
0009712
0009750
0009758
0009765
0009767
0009772
0009773
0009820
0009847
0009851
0009877
0009881
0009882
0009891
0009893
0009897
0009898
0009916
0009927
0009966
0009972
0009973
0009975
0009976
0009977
0009982
0009986
0009987
0010007
0010033
0010038
0010045
0010109
0010124
0010125
0010126
0010127
0010128
0010133
0010136
0010142
0010181
0010206
0010207
0010236
0010242
0010257
0010258
0010277
0010285
0010288
0010308
0010309
0010333
0010334
0010339
0010340
0010447
0010466
0010467
0010468
0010498
0010608
0010835
0010945
0010951
0010974
0012506
0015016
0015019
0015021
0015031
0015035
0015036
0015038
0015049
0015074
0015075
0015078
0015079
0015081
0015086
0015087
0015093
0015095
0015098
0015099
0015103
0015105
0015109
0015112
0015113
0015114
0015116
0015123
0015128
0015129
0015136
0015137
0015144
0015150
0015153
0015155
0015159
0015169
0015171
0015173
0015184
0015185
0015194
0015195
0015204
0015205
0015209
0015211
0015218
0015220
0015221
0015225
0015232
0015233
0015234
0015250
0015252
0015267
0015276
0015288
0015291
0015293
0015295
0015297
0015333
0015341
0015343
0015344
0015369
0015370
0015379
0015385
0015410
0015411
0015412
0015413
0015415
0015416
0015417
0015419
0015420
0015424
0015434
0015439
0015440
0015441
0015444
0015446
0015450
0015451
0015459
0015471
0015473
0015474
0015485
0015486
0015496
0015499
0015501
0015503
0015506
0015535
0015556
0015558
0015562
0015572
0015573
0015574
0015577
0015591
0015599
0015606
0015612
0015614
0015616
0015627
0015628
0015629
0015633
0015643
0015645
0015648
0015649
0015652
0015655
0015658
0015661
0015662
0015663
0015666
0015668
0015671
0015675
0015689
0015691
0015693
0015697
0015700
0015703
0015706
0015707
0015711
0015716
0015718
0015720
0015721
0015724
0015727
0015734
0015739
0015740
0015746
0015752
0015753
0015756
0015757
0015759
0015760
0015762
0015764
0015771
0015774
0015775
0015776
0015794
0015795
0015796
0015801
0015802
0015803
0015811
0015812
0015813
0015819
0015822
0015824
0015826
0015833
0015836
0015837
0015840
0015846
0015847
0015848
0015849
0015851
0015858
0015860
0015871
0015878
0015886
0015887
0015888
0015889
0015890
0015891
0015904
0015914
0015918
0015920
0015926
0015930
0015934
0015935
0015936
0015937
0015938
0015939
0015940
0015941
0015942
0015944
0015948
0015949
0015968
0015969
0015970
0015974
0015976
0015977
0015979
0015986
0015990
0015995
0016002
0016018
0016019
0016020
0016021
0016024
0016032
0016034
0016037
0016042
0016043
0016051
0016052
0016070
0016075
0016094
0016104
0016114
0016116
0016117
0016126
0016149
0016151
0016152
0016153
0016154
0016157
0016158
0016159
0016161
0016162
0016163
0016166
0016168
0016192
0016207
0016208
0016209
0016218
0016226
0016231
0016260
0016272
0016279
0016289
0016298
0016301
0016310
0016311
0016403
0016405
0016407
0016410
0016413
0016414
0016421
0016423
0016426
0016430
0016432
0016433
0016434
0016436
0016462
0016485
0016491
0016514
0016530
0016531
0016539
0016540
0016567
0016579
0016595
0016597
0016598
0016600
0016603
0016610
0016611
0016612
0016613
0016614
0016615
0016616
0016618
0016620
0016624
0016625
0016627
0016628
0016630
0016636
0016638
0016639
0016641
0016645
0016646
0016647
0016651
0016652
0016653
0016655
0016657
0016661
0016667
0016668
0016669
0016670
0016679
0016682
0016684
0016692
0016695
0016701
0016702
0016703
0016705
0016706
0016709
0016712
0016717
0016719
0016722
0016726
0016730
0016731
0016740
0016742
0016743
0016744
0016746
0016747
0016755
0016756
0016757
0016758
0016759
0016760
0016763
0016765
0016767
0016772
0016773
0016774
0016776
0016779
0016780
0016782
0016783
0016787
0016788
0016790
0016791
0016793
0016798
0016799
0016805
0016810
0016811
0016812
0016813
0016817
0016818
0016823
0016829
0016830
0016831
0016832
0016833
0016835
0016836
0016837
0016838
0016840
0016841
0016846
0016849
0016851
0016852
0016853
0016854
0016855
0016857
0016861
0016862
0016866
0016868
0016869
0016872
0016874
0016879
0016881
0016884
0016887
0016888
0016891
0016893
0016894
0016896
0016901
0016903
0016920
0016966
0016977
0016979
0016984
0016987
0016989
0016990
0016992
0016993
0016994
0016996
0016997
0016998
0017000
0017003
0017004
0017009
0017013
0017038
0017040
0017057
0017061
0017076
0017101
0017103
0017108
0017110
0017111
0017113
0017118
0017121
0017128
0017136
0017148
0017150
0017168
0017169
0017172
0017174
0017186
0017187
0018104
0018106
0018117
0018142
0018149
0018160
0018177
0018189
0018193
0018197
0018206
0018209
0018240
0018262
0018277
0018279
0018339
0018364
0018454
0018455
0018467
0018477
0018478
0018479
0018480
0018491
0018492
0018493
0018498
0018506
0018515
0018522
0018551
0018576
0018577
0018578
0018579
0018580
0018597
0018618
0018659
0018662
0018738
0018744
0018759
0018786
0018800
0018802
0018807
0018817
0018822
0018826
0018835
0018836
0018845
0018846
0018849
0018850
0018896
0018942
0019005
0019028
0019058
0019062
0019068
0019069
0019073
0019082
0019104
0019120
0019134
0019136
0019145
0019147
0019148
0019152
0019156
0019164
0019165
0019170
0019171
0019172
0019177
0019180
0019184
0019191
0019197
0019200
0019203
0019205
0019213
0019217
0019239
0019241
0019242
0019243
0019250
0019251
0019262
0019264
0019265
0019277
0019281
0019284
0019285
0019286
0019287
0019288
0019290
0019294
0019299
0019301
0019305
0019310
0019316
0019317
0019318
0019333
0019343
0019344
0019346
0019350
0019354
0019361
0019363
0019379
0019380
0019381
0019385
0019388
0019394
0019402
0019417
0019418
0019419
0019420
0019427
0019430
0019441
0019464
0019470
0019471
0019475
0019478
0019480
0019491
0019509
0019512
0019516
0019521
0019529
0019531
0019532
0019534
0019538
0019545
0019546
0019547
0019551
0019556
0019557
0019563
0019568
0019569
0019580
0019588
0019593
0019594
0019605
0019608
0019615
0019619
0019622
0019627
0019628
0019629
0019631
0019632
0019633
0019634
0019636
0019645
0019646
0019647
0019652
0019670
0019673
0019674
0019677
0019679
0019682
0019684
0019685
0019700
0019746
0019748
0019752
0019773
0019784
0019805
0019808
0019825
0019829
0019835
0019836
0019843
0019854
0019856
0019865
0019867
0019877
0019878
0019898
0019899
0019901
0019941
0019985
0020002
0020037
0022611
0022625
0022626
0022627
0022841
0022857
0022872
0022877
0022900
0022904
0030001
0030026
0030042
0030058
0030060
0030077
0030089
0030091
0030095
0030096
0030115
0030145
0030148
0030151
0030152
0030153
0030163
0030170
0030178
0030200
0030211
0030234
0030244
0030245
0030246
0030247
0030248
0030253
0030254
0030255
0030256
0030257
0030259
0030261
0030267
0030270
0030272
0030288
0030341
0030366
0030388
0030409
0030410
0030412
0030416
0030418
0030420
0030428
0030429
0030430
0030435
0030436
0030488
0030490
0030492
0030494
0030497
0030527
0030541
0030544
0030551
0030552
0030554
0030570
0030573
0030596
0030598
0030599
0030600
0030604
0030612
0030638
0030639
0030643
0030647
0030655
0030674
0030677
0030694
0030697
0030699
0030700
0030701
0030729
0030733
0030745
0030772
0030788
0030789
0030798
0030894
0030908
0030955
0030956
0030964
0030973
0030974
0030975
0030976
0030977
0030979
0030980
0030983
0031004
0031012
0031071
0031072
0031119
0031160
0031167
0031176
0031177
0031179
0031221
0031222
0031240
0031267
0031317
0031362
0031365
0031386
0031388
0031402
0031404
0031411
0031412
0031418
0031419
0031460
0031469
0031470
0031522
0031554
0031556
0031564
0031625
0031638
0031639
0031640
0031647
0031929
0031956
0031966
0031992
0032008
0032049
0032150
0032153
0032196
0032217
0032218
0032259
0032266
0032267
0032297
0032300
0032324
0032328
0032329
0032363
0032466
0032506
0032508
0032543
0032549
0032555
0032557
0032559
0032775
0032778
0032784
0032787
0032791
0032923
0032934
0032955
0032958
0032977
0032981
0032991
0032993
0033013
0033014
0033050
0033068
0033072
0033094
0033103
0033104
0033172
0033178
0033179
0033194
0033201
0033212
0033214
0033218
0033219
0033221
0033222
0033223
0033225
0033226
0033228
0033230
0033231
0033232
0033265
0033281
0033286
0033288
0033294
0033295
0033296
0033308
0033384
0033386
0033390
0033468
0033499
0033539
0033543
0033567
0033573
0033592
0033608
0033611
0033617
0033711
0033730
0033735
0033739
0033743
0033744
0033745
0033748
0033754
0033755
0033758
0033806
0033816
0033818
0033819
0033828
0033840
0033846
0033856
0033862
0033863
0033890
0033897
0033904
0033920
0033922
0033925
0033926
0033942
0033958
0033971
0033978
0033980
0033990
0034017
0034023
0034026
0034028
0034039
0034040
0034053
0034057
0034061
0034067
0034077
0034081
0034194
0034200
0034204
0034219
0034220
0034227
0034228
0034229
0034251
0034257
0034258
0034301
0034386
0034480
0034552
0034553
0034599
0034618
0034634
0034639
0034702
0034707
0034755
0034775
0034979
0035251
0035269
0035312
0035337
0035429
0035435
0035438
0035444
0035446
0035447
0035460
0035529
0035539
0035550
0035552
0035556
0035591
0035595
0035596
0035598
0035632
0035673
0035870
0035991
0035999
0036001
0036042
0036065
0036066
0036094
0036104
0036125
0036211
0036222
0036297
0036354
0036361
0036370
0036374
0036376
0036380
0036382
0036383
0036402
0036423
0036424
0036431
0036440
0036524
0038023
0042026
0042121
0042126
0042127
0042128
0042132
0042157
0042158
0042167
0042168
0042173
0042174
0042178
0042192
0042207
0042214
0042242
0042245
0042254
0042255
0042262
0042273
0042274
0042276
0042277
0042279
0042286
0042301
0042314
0042351
0042354
0042355
0042372
0042373
0042393
0042398
0042400
0042410
0042426
0042438
0042450
0042537
0042542
0042545
0042546
0042549
0042559
0042572
0042577
0042578
0042586
0042597
0042601
0042619
0042625
0042626
0042651
0042709
0042710
0042724
0042732
0042742
0042752
0042773
0042776
0042777
0042780
0042781
0042802
0042803
0042806
0042819
0042820
0042823
0042834
0042840
0042843
0042853
0042875
0042882
0042883
0042884
0042908
0042910
0042918
0042919
0042925
0042930
0042931
0042938
0042952
0042953
0042972
0043022
0043023
0043024
0043038
0043039
0043043
0043093
0043094
0043101
0043107
0043115
0043130
0043137
0043138
0043139
0043158
0043161
0043163
0043164
0043165
0043168
0043169
0043170
0043174
0043190
0043199
0043200
0043211
0043212
0043213
0043214
0043225
0043230
0043231
0043248
0043295
0043335
0043364
0043365
0043386
0043412
0043413
0043419
0043420
0043424
0043447
0043448
0043461
0043462
0043464
0043531
0043545
0043546
0043565
0043571
0043592
0043593
0043633
0043639
0043682
0043683
0043684
0043686
0043687
0043708
0043709
0043711
0043714
0043715
0043720
0043726
0043737
0043740
0043743
0043751
0043752
0043755
0043758
0043767
0043768
0043772
0043773
0043783
0043791
0043795
0043800
0043801
0043805
0043811
0043814
0043819
0043822
0043824
0043828
0043842
0043846
0043856
0043857
0043858
0043867
0043872
0043874
0043880
0043883
0043884
0043885
0043886
0043896
0043934
0043937
0043952
0043953
0043958
0044010
0044038
0044091
0044096
0044097
0044179
0044183
0044205
0044209
0044210
0044237
0044238
0044249
0044272
0044283
0044341
0044384
0044403
0044409
0044419
0044423
0044550
0044571
0044659
0044668
0044686
0044718
0044780
0044781
0044874
0044875
0044877
0045017
0045027
0045087
0045127
0045148
0045150
0045151
0045152
0045156
0045158
0045181
0045182
0045184
0045226
0045227
0045232
0045239
0045240
0045242
0045250
0045252
0045254
0045259
0045261
0045262
0045263
0045264
0045271
0045273
0045275
0045277
0045278
0045282
0045300
0045301
0045312
0045329
0045333
0045340
0045436
0045454
0045484
0045490
0045493
0045550
0045717
0045735
0045861
0045881
0045892
0045893
0045900
0045901
0045910
0045927
0045936
0045947
0045982
0046025
0046026
0046034
0046081
0046084
0046098
0046108
0046110
0046118
0046124
0046128
0046132
0046140
0046148
0046167
0046168
0046170
0046174
0046177
0046209
0046246
0046274
0046278
0046292
0046294
0046296
0046306
0046314
0046316
0046325
0046336
0046348
0046349
0046353
0046355
0046356
0046364
0046373
0046392
0046395
0046406
0046408
0046411
0046415
0046416
0046417
0046421
0046428
0046429
0046440
0046449
0046467
0046487
0046496
0046498
0046500
0046513
0046514
0046522
0046523
0046527
0046537
0046538
0046555
0046556
0046559
0046565
0046608
0046653
0046654
0046656
0046677
0046685
0046686
0046688
0046689
0046690
0046718
0046797
0046798
0046813
0046820
0046835
0046839
0046854
0046855
0046857
0046870
0046872
0046873
0046903
0046905
0046906
0046912
0046914
0046917
0046919
0046922
0046930
0046933
0046938
0046942
0046952
0046961
0046983
0047057
0047070
0047071
0047110
0047111
0047112
0047124
0047125
0047134
0047150
0047151
0047173
0047200
0047206
0047241
0047244
0047294
0047300
0047303
0047304
0047307
0047324
0047330
0047334
0047343
0047348
0047355
0047356
0047400
0047407
0047420
0047429
0047434
0047437
0047443
0047448
0047453
0047456
0047465
0047470
0047471
0047472
0047473
0047474
0047475
0047480
0047487
0047488
0047489
0047490
0047538
0047547
0047553
0047559
0047560
0047570
0047571
0047575
0047585
0047590
0047605
0047617
0047632
0047646
0047652
0047661
0047663
0047688
0047689
0047700
0047727
0047733
0047736
0047739
0047761
0047770
0047789
0047798
0047804
0047810
0047813
0047826
0047834
0047850
0047869
0047922
0047931
0047932
0047938
0047952
0047964
0047975
0047988
0047989
0048001
0048027
0048029
0048030
0048034
0048038
0048039
0048040
0048188
0048366
0048472
0048473
0048476
0048500
0048501
0048502
0048511
0048529
0048608
0050002
0050031
0050032
0050043
0050044
0050053
0050066
0050080
0050084
0050096
0050097
0050112
0050113
0050114
0050119
0050126
0050129
0050131
0050135
0050136
0050145
0050149
0050151
0050182
0050188
0050194
0050207
0050218
0050231
0050233
0050235
0050241
0050242
0050262
0050263
0050269
0050277
0050304
0050307
0050311
0050317
0050318
0050332
0050334
0050346
0050353
0050355
0050368
0050371
0050377
0050380
0050385
0050401
0050415
0050416
0050418
0050421
0050427
0050440
0050446
0050451
0050454
0050456
0050467
0050480
0050482
0050485
0050487
0050490
0050498
0050500
0050504
0050511
0050515
0050518
0050519
0050520
0050525
0050526
0050530
0050531
0050532
0050567
0050568
0050570
0050577
0050580
0050607
0050611
0050626
0050627
0050656
0050660
0050661
0050709
0050787
0050797
0050821
0050825
0050829
0050830
0050840
0050845
0050896
0050897
0050898
0050920
0050992
0051007
0051015
0051027
0051049
0051060
0051068
0051073
0051075
0051082
0051083
0051087
0051116
0051117
0051118
0051119
0051131
0051139
0051144
0051156
0051161
0051191
0051205
0051212
0051213
0051219
0051235
0051252
0051258
0051259
0051262
0051266
0051276
0051287
0051289
0051290
0051301
0051302
0051304
0051353
0051409
0051470
0051473
0051479
0051495
0051499
0051536
0051537
0051538
0051539
0051540
0051596
0051603
0051604
0051606
0051607
0051678
0051715
0051726
0051731
0051745
0051762
0051775
0051781
0051782
0051903
0051907
0051908
0051920
0051921
0051983
0051984
0051989
0051991
0051994
0051997
0052040
0052324
0052381
0052547
0052621
0052624
0052636
0052680
0052689
0052693
0052699
0052706
0052717
0052729
0052730
0052737
0052764
0052778
0052834
0052837
0052851
0052855
0052856
0052857
0052873
0052876
0052881
0052890
0052906
0052908
0052913
0052916
0052923
0052924
0052929
0055040
0055051
0055052
0055056
0055070
0055072
0055085
0055086
0055129
0055130
0060090
0060241
0060261
0060274
0060567
0060703
0061024
0061057
0061077
0061097
0061136
0061459
0061503
0061513
0061542
0061572
0061579
0061599
0061603
0061629
0061630
0061631
0061701
0061710
0061711
0061712
0061768
0061783
0061798
0061799
0061928
0061929
0062077
0062142
0062143
0062144
0062145
0062146
0062147
0062192
0062213
0065002
0065003
0065007
0065009
0070004
0070005
0070006
0070007
0070008
0070009
0070037
0070038
0070040
0070042
0070043
0070063
0070064
0070069
0070070
0070085
0070088
0070204
0070205
0070206
0070273
0070279
0070298
0070394
0070395
0070401
0070402
0070403
0070404
0070475
0070490
0070497
0070501
0070567
0070568
0070569
0070573
0070628
0070677
0070726
0070733
0070773
0070814
0070905
0070906
0070907
0070908
0070967
0070968
0071111
0071267
0071268
0071421
0071444
0071453
0071468
0071513
0071518
0071522
0071524
0071554
0071555
0071577
0071586
0071704
0071705
0071709
0071722
0071766
0071768
0071770
0071771
0071793
0071805
0071806
0071824
0071897
0071916
0071918
0071934
0071941
0071945
0071949
0071951
0071972
0071973
0071977
0071978
0072344
0072488
0072570
0072581
0072592
0072593
0072669
0075713
0080019
0080135
0080146
0089705
0089714
0090304
0090346
0090409
0090410
0090483
0090529
0090540
0090563
0090582
0090729
0097063
0097163
0097173
0097175
0097176
0097190
0097250
0097266
0097311
0097347
0097351
0097367
0097428
0097573
0097588
0097657
0097753
0098003
0098004
0098005
0098015
0098024
0098025
0098026
0098027
0098045
0098561
0098567
0098609
0098662
0098775
0098776
0098777
0098797
0098847
0098869
0099000
0099001
0101006
0101030
0102007
0102039
0102100
0102143
0102144
0102208
0102210
0102296
0102525
0102547
0102672
0102965
0102984
0102998
0103031
0103116
0103117
0103118
0106034
0106130
0106141
0106219
0106274
0106361
0106408
0106409
0106411
0110001
0110050
0110102
0110142
0110143
0110146
0120010
0120029
0120153
0120225
0120549
0140078
0140090
0140097
0140098
0140110
0140132
0140282
0140297
0140299
0140315
0140327
0140358
0140359
0140575
0140604
0140657
0140658
0140662
0140663
0140664
0140673
0140701
0140721
0140737
0140741
0140828
0140905
0140911
0141014
0141052
0141098
0141100
0160102
0160105
0160254
0170035
0180001
1900079
1900192
1900727
1900754
1901023
1901053
1901135
1901137
1901170
1901180
1901238
1901241
1901266
1901271
1901359
1901515
1901576
1901605
1901642
1901661
1901891
1901893
1902021
1902047
1902065
1902201
1902208
1902209
1902358
1902444
1902495
1902560
1902600
1902604
1902758
1903257
1903401
1903424
1903425
1903457
1903607
1903663
1903803
1903826
1903830
1903988
1904047
1904091
1904334
1904659
1904680
1905039
1905887
1990063
1990107
1990112
1990140
1990195
1990204
1990228
1990229
1990351
1990362
1990397
1990531
1990586
1990594
1990610
1990814
1990817
1990904
1990961
2000142
2000143
2000185
2000819
2000884
2001060
2001070
2001129
2001141
2001248
2001295
